0.0025995096
0.1769328749
0.8879861573
0.5949757594
0.2522206159
0.9305678719
0.8454764595
0.6000877834
0.4582688006
0.5982281050
0.8212220904
0.9209204545
0.5732385543
0.0982285033
0.0002720809
0.4745168465
0.3403416769
0.7153610176
0.1867087044
0.5110689054
0.3956207409
0.2773192154
0.4914470576
0.3271552864
0.8025963881
0.0434848688
0.1011840127
0.0998150684
0.9799308753
0.5837628955
0.0276674706
0.6756661950
0.6011975058
0.0532331040
0.0292340527
0.4395039182
0.6812215596
0.5899312531
0.3331250039
0.5446710374
0.6552938551
0.9380515061
0.5726163034
0.3206568031
0.6722024820
0.6224620005
0.4457996712
0.8684338372
0.3665712419
0.3712154379
